0  -0.5                      0.25                         0
 1 -0.49       0.24009999999999998                         0
 2 -0.48                    0.2304                         0
 3 -0.47       0.22089999999999999                         0
 4 -0.46                    0.2116                         0
 5 -0.45                    0.2025                         0
 6 -0.44                    0.1936                         0
 7 -0.43       0.18489999999999998                         0
 8 -0.42       0.17639999999999997                         0
 9 -0.41       0.16809999999999997                         0
10  -0.4       0.16000000000000003                         0
11 -0.39                    0.1521                         0
12 -0.38                    0.1444                         0
13 -0.37                    0.1369                         0
14 -0.36                    0.1296                         0
15 -0.35       0.12249999999999998                         0
16 -0.34       0.11560000000000002                         0
17 -0.33       0.10890000000000001                         0
18 -0.32                    0.1024                         0
19 -0.31                    0.0961                         0
20  -0.3                      0.09                         0
21 -0.29                    0.0841                         0
22 -0.28       0.07840000000000001                         0
23 -0.27                    0.0729                         0
24 -0.26       0.06760000000000001                         0
25 -0.25                    0.0625                         0
26 -0.24                    0.0576                         0
27 -0.23                    0.0529                         0
28 -0.22                    0.0484                         0
29 -0.21       0.04409999999999999                         0
30  -0.2       0.04000000000000001                         0
31 -0.19                    0.0361                         0
32 -0.18                    0.0324                         0
33 -0.17      0.028900000000000006                         0
34 -0.16                    0.0256                         0
35 -0.15                    0.0225                         0
36 -0.14      0.019600000000000003                         0
37 -0.13      0.016900000000000002                         0
38 -0.12                    0.0144                         0
39 -0.11                    0.0121                         0
40  -0.1      0.010000000000000002                         0
41 -0.09                    0.0081                         0
42 -0.08                    0.0064                         0
43 -0.07      0.004900000000000001                         0
44 -0.06                    0.0036                         0
45 -0.05     0.0025000000000000005                         0
46 -0.04                    0.0016                         0
47 -0.03                    0.0009                         0
48 -0.02                    0.0004                         0
49 -0.01                    0.0001                         0
50   0.0                       0.0                         0
51  0.01                    0.0001                         0
52  0.02                    0.0004                         0
53  0.03                    0.0009                         0
54  0.04                    0.0016                         0
55  0.05     0.0025000000000000005                         0
56  0.06                    0.0036                         0
57  0.07      0.004900000000000001                         0
58  0.08                    0.0064                         0
59  0.09                    0.0081                         0
60   0.1      0.010000000000000002                         0
61  0.11                    0.0121                         0
62  0.12                    0.0144                         0
63  0.13      0.016900000000000002                         0
64  0.14      0.019600000000000003                         0
65  0.15                    0.0225                         0
66  0.16                    0.0256                         0
67  0.17      0.028900000000000006                         0
68  0.18                    0.0324                         0
69  0.19                    0.0361                         0
70   0.2       0.04000000000000001                         0
71  0.21       0.04409999999999999                         0
72  0.22                    0.0484                         0
73  0.23                    0.0529                         0
74  0.24                    0.0576                         0
75  0.25                    0.0625                         0
76  0.26       0.06760000000000001                         0
77  0.27                    0.0729                         0
78  0.28       0.07840000000000001                         0
79  0.29                    0.0841                         0
80   0.3                      0.09                         0
81  0.31                    0.0961                         0
82  0.32                    0.1024                         0
83  0.33       0.10890000000000001                         0
84  0.34       0.11560000000000002                         0
85  0.35       0.12249999999999998                         0
86  0.36                    0.1296                         0
87  0.37                    0.1369                         0
88  0.38                    0.1444                         0
89  0.39                    0.1521                         0
90   0.4       0.16000000000000003                         0
91  0.41       0.16809999999999997                         0
92  0.42       0.17639999999999997                         0
93  0.43       0.18489999999999998                         0
94  0.44                    0.1936                         0
95  0.45                    0.2025                         0
96  0.46                    0.2116                         0
97  0.47       0.22089999999999999                         0
98  0.48                    0.2304                         0
99  0.49       0.24009999999999998                         0
